error(train): 0.310000
error(test): 0.325000
